observed <- c(
  2.352527141571045
 , -2.5465707778930664
 , -14.856327772140503
 , 0.7011575698852539
 , -23.765324592590332
 , -0.3140695095062256
 , -4.148929834365845
 , -0.19504404067993164
 , 4.100918769836426
 , 23.85334324836731
 , -9.203061819076538
 , -13.001913070678711
 , -1.0602374076843262
 , 0.0030012130737304688
 , -21.474332571029663
 , -4.923102617263794
 , 0.832186222076416
 , 1.3072941303253174
 , -0.2700612545013428
 , 8.354871273040771
 , 25.774774312973022
 , 1.776397705078125
 , 1.7533931732177734
 , 8.473898887634277
 , 6.885541677474976
 , 1.456326961517334
 , 103.3821587562561
 , 2.5495707988739014
 , 2.748615026473999
 , -3.4337685108184814
 , 7.037577152252197
 , 12.004689931869507
 , -2.07344651222229
 , 0.8256795406341553
 , 1.9334328174591064
 , -5.713279724121094
 , -4.045906066894531
 , 0.3940880298614502
 , -0.035529375076293945
 , -4.437994003295898
 , 61.8928644657135
 , -16.20162844657898
 , -0.682152509689331
 , 8.964010000228882
 , -3.1647086143493652
 , -2.345525026321411
 , -21.680856943130493
 , 79.05170893669128
 , 4.183936357498169
 , -7.442667007446289

)